eeeeeeeeeeeeeeeeeeeeeeeeeeeeeeeeeeeeeeeeeeeeeeeeeee
777777777777777777777777777777777777777777777777777
7                                                 7
7                                                 7
7                                                 7
7                                                 7
7                                                 7
7                                                 7
7                                                 7
7                                                 7
7                                                 7
788888888                                 888888887
777777777777777777777777777777777777777777777777777
7                                                 7
78888888888888888                 88888888888888887
7                   88888888888                   7
78888888888888888                 88888888888888887
7                                                 7
777777777777777777777777777777777777777777777777777