eeeeeeeeeeeeeeeeeeeeeeeeeeeeeeeeeeeeeeeeeeeeeeeeeee
777777777777777777777777777777777777777777777777777
788888888888888888888888888888888888888888888888887
700000000000000000000000000000000000000000000000007
700000000000000000000000000000000000000000000000007
700000000000000000000000000000000000000000000000007
700000000000000000000000000000000000000000000000007
700000000000000000000000000000000000000000000000007
700000000000000000000000000000000000000000000000007
700000000000000000000000000000000000000000000000007
700000000000000000000000000000000000000000000000007
788888888000000000000000000000000000000000888888887
777777777777777777777777777777777777777777777777777
700000000000000000000000000000000000000000000000007
700000000000000000000000000000000000000000000000007
700000000000000000000000000000000000000000000000007
700000000000000000000000000000000000000000000000007
700000000000000000000000000000000000000000000000007
777777777777777777777777777777777777777777777777777